405424	624414	8	
390370	624415	8	
370276	652067	8	
370276	652126	8	
370276	687014	8	
370276	720700	8	
370276	720704	8	
370276	743126	8	
370276	720702	8	
370276	720596	8	
370276	652257	8	
370276	743269	8	
370276	686964	8	
370276	687016	8	
370276	720648	8	
370276	720582	8	
370276	720508	8	
370276	720509	8	
370276	686940	8	
370276	720543	8	
370256	1053197	8	
369245	652017	8	
369245	651958	8	
369245	651821	8	
369245	652010	8	
369245	652039	8	
369245	651957	8	
364628	493056	8	
364628	493084	8	
364628	504660	8	
364131	624037	8	
364131	624038	8	
364131	624126	8	
364131	624127	8	
364131	624169	8	
364131	624268	8	
364131	624040	8	
364131	624125	8	
364131	602396	8	
364131	602281	8	
364131	624267	8	
362877	624467	8	
362877	651602	8	
362877	651718	8	
362877	624377	8	
362877	624466	8	
362877	624416	8	
362874	651800	8	
362839	651572	8	
362587	651819	8	
362422	602162	8	
362351	602163	8	
362351	602247	8	
362351	602248	8	
362351	602250	8	
362351	602229	8	
362345	602123	8	
360327	504651	8	
359484	588814	8	
359484	588819	8	
359484	588726	8	
359484	588852	8	
359484	588352	8	
359484	588664	8	
359483	588354	8	
359035	504652	8	
358120	651719	8	
356856	651550	8	
356407	540364	8	
356407	540308	8	
356407	588335	8	
356407	540295	8	
355114	624483	8	
355114	588497	8	
355114	588499	8	
355114	588501	8	
346222	504577	8	
343700	504700	8	
343700	504707	8	
343700	504734	8	
343700	504411	8	
343700	504766	8	
343699	504803	8	
342684	485347	8	
339901	602410	8	
339523	504454	8	
338961	485344	8	
338600	504490	8	
338276	485358	8	
335461	493087	8	
335461	493008	8	
335461	504326	8	
335461	504692	8	
335461	492953	8	
335461	492956	8	
335461	492972	8	
335461	504357	8	
335461	504634	8	
335460	493244	8	
335406	623877	8	
334758	488839	8	
329941	504810	8	
329941	504812	8	
328943	2690	8	
328051	488847	8	
327000	2557	8	
326763	2016	8	
326136	463141	8	
326136	463210	8	
326136	434989	8	
326136	435030	8	
326136	449728	8	
326136	463079	8	
326136	463082	8	
326136	485270	8	
326134	485272	8	
325484	2025	8	
324858	2435	8	
324858	2445	8	
324858	2797	8	
324858	2606	8	
324858	2751	8	
324858	2796	8	
324858	434962	8	
324857	2280	8	
324844	2023	8	
322926	2066	8	
321643	2029	8	
315101	1987	8	
315101	2130	8	
315101	2174	8	
315101	2177	8	
315101	2234	8	
315101	2235	8	
315100	2057	8	
315100	2129	8	
315100	2300	8	
311538	588358	8	
310203	504441	8	
306595	488975	8	
306595	488977	8	
306595	588511	8	
306595	588627	8	
306595	588675	8	
306595	588676	8	
305679	463111	8	
305679	463165	8	
305679	1672	8	
305679	488922	8	
305679	2550	8	
305679	2553	8	
305679	2642	8	
305679	2648	8	
305679	1511	8	
305678	2156	8	
305669	2237	8	
305669	2227	8	
305669	2239	8	
304070	2247	8	
302755	1899	8	
302755	1906	8	
302755	1947	8	
302755	1950	8	
302755	1962	8	
302755	1974	8	
291445	2472	8	
290893	1527	8	
290893	1700	8	
290893	1706	8	
290893	1789	8	
290893	1800	8	
290893	1822	8	
290893	1825	8	
290893	1861	8	
290893	1556	8	
290892	1845	8	
289974	1529	8	
289939	1530	8	
289866	1531	8	
378311	720647	10	
374203	743287	10	
355884	651710	10	
352876	652162	10	
348016	686996	10	
345385	743247	10	
343089	651658	10	
339137	652197	10	
326702	652115	10	
309832	743445	10	
296686	602252	10	
294788	2563	9	
337881	488895	9,10	median
337881	488965	9,10	median
337116	504523	9,10	median
336846	504582	9,10	median
336736	504423	9,10	median
331578	488899	9,10	median
327011	504414	9,10	median
307324	504621	9,10	median
288803	485317	9,10	median
364168	651999	8	
362388	602261	8	
359521	588405	8	
359521	588458	8	
359521	588850	8	
359521	602141	8	
358871	624256	8	
349168	504690	8	
349168	588473	8	
349168	588475	8	
340929	493091	8	
340929	493098	8	
340929	493160	8	
340929	493187	8	
340351	504462	8	
338560	588413	8	
331861	493011	8	
331861	493012	8	
331861	493036	8	
331760	449763	8	
331760	463104	8	
331760	463190	8	
331760	463195	8	
331760	463212	8	
331760	485346	8	
331760	489030	8	
331760	489031	8	
331759	2805	8	
331759	2806	8	
331759	434973	8	
331759	435022	8	
330481	485273	8	
330480	2524	8	
330480	2521	8	
330480	2540	8	
330480	2544	8	
330480	2599	8	
330480	2825	8	
330480	435003	8	
330436	2520	8	
329010	485275	8	
326382	2052	8	
412073	652048	21	
412073	652051	21	
364407	651725	22	
364367	652054	21	
362359	743279	21	
335532	651724	22	
343276	540267	20	
316974	540275	20	
316974	540277	20	
296456	2314	20	
293642	2315	20	
330480	2380	12	
280148	2071	14	
359521	588489	10	
364168	602449	8,9	max
364168	624168	8,9	max
364168	624204	8,9	max
364168	602429	8,9	max
364168	602440	8,9	max
364168	602438	8,9	max
364168	624354	8,9	max
364168	624352	8,9	max
364168	651560	8,9	max
364168	651699	8,9	max
364168	651636	8,9	max
364168	624304	8,9	max
362388	602244	8,9	max
362388	602274	8,9	max
362388	602399	8,9	max
359521	588492	8,9	max
359521	588493	8,9	max
359521	588621	8,9	max
345298	504558	9-12	median
337613	493131	9,10	median
335011	488862	9-12	median
324148	504406	9-12	median
319533	488896	9-16	median
317297	504775	9-18	median
392905	623870	10,11	median
362415	743238	10,11	median
361408	602329	10,11	median
361009	651654	10,11	median
358798	602405	10,11	median
358303	588692	10,11	median
357287	588674	10-13	median
356894	651610	10,11	median
356682	652154	10,11	median
356500	504884	10,11	median
356486	602481	10,11	median
356325	652163	10,11	median
355326	588549	10,11	median
353959	651711	10,11	median
350317	588436	10-13	median
349852	602363	10,11	median
349095	651687	10,11	median
349095	651723	10,11	median
348505	588391	10,11	median
348218	651704	10,11	median
347982	720511	10,11	median
347670	602393	10,11	median
347136	651640	10,11	median
346242	651661	10,11	median
336061	602346	10,11	median
335997	602342	10-15	median
335997	623901	10,11	median
335787	743397	10,11	median
331791	602340	10,11	median
328736	2099	10-12	median
328452	540336	10-13	median
325733	2462	10-13	median
323875	2629	10-13	median
321908	2661	10,11	median
318770	2716	10-15	median
315508	2650	10,11	median
304746	743398	10-13	median
303857	1813	10,11	median
303857	1814	10,11	median
303733	1875	10-13	median
303588	435005	10-13	median
303286	1885	10-13	median
302509	1979	10-13	median
302503	2097	10,11	median
302453	2216	10-13	median
302266	2094	10-15	median
301856	1832	10-13	median
301406	2098	10-13	median
301246	504408	9-12	median
301034	588334	10,11	median
300718	2717	10-13	median
300409	1910	10-13	median
293466	2221	10-13	median
303545	1662	11-14	median
303344	1554	11-14	median
302517	1663	11-14	median
327154	504720	8	
326784	651702	9	
219165	2732	8	
218788	1021	8	
218788	1085	8	
218788	1236	8	
218784	798	8	
218117	1304	8	
218117	1321	8	
218117	1359	8	
218117	1424	8	
218117	1448	8	
218117	1509	8	
218117	1416	8	
218117	1446	8	
218117	1481	8	
218117	1486	8	
218117	1510	8	
218117	1515	8	
217639	1274	8	
217515	1022	8	
217502	800	8	
217250	1046	8	
214261	873	8	
207898	1230	8	
198479	1385	8	
196256	731	8	
196256	631	8	
196255	1032	8	
196255	1203	8	
196255	1040	8	
196173	797	9	
196012	932	8	
196012	920	8	
196012	861	8	
194920	950	8	
194920	951	8	
194920	952	8	
194920	1007	8	
194920	1008	8	
194920	1009	8	
194698	871	8	
194698	862	8	
194659	758	9	
194656	761	9	
194656	760	9	
194655	757	9	
194653	759	9	
194653	764	9	
194582	868	8,9	median
194480	1325	8	
194423	1066	8,9	median
193771	1285	8	
193717	1326	8	
193457	1276	8	
193297	1239	8,9	median
169238	485	8	
163857	422	9	
153443	743093	8	
140109	803	8	
140109	793	8	
140109	828	8	
139740	2417	8	
138758	804	8	
138758	818	8	
138738	799	8	
138438	827	8	
137798	841	9	
132796	775	8	
121267	1242	8,9	median
97559	710	8	
97528	738	8	
97519	739	8	
96889	729	8	
96889	736	8	
96889	704	8	
96889	720	8	
96889	727	8	
96409	697	8	
96409	640	8	
95520	740	8	
91943	1117267	8	
90649	717	8	
90649	707	8	
89173	1117264	8	
86170	648	8,9	median
85210	598	8	
84890	719	8	
84889	834	8	
65120	573	8,9	median
64925	567	8	
64925	574	8	
64925	571	8	
64925	560	8	
64925	561	8	
64925	522	8	
64925	570	8	
64925	525	8	
64925	524	8	
64653	645	8,9	median
63918	429	9	
62139	1235	8,9	median
61609	465	8	
61609	612	8	
59805	746	8	
59805	604	8	
56489	463	8	
48000	1010	8	
41218	847	8,9	median
29549	784	8	
24304	440	8	
24304	441	8	
23786	528	8	
23786	529	8	
23718	751	8	
23718	795	8	
16000	833	8	
16000	1792	8	
16000	1823	8	
16000	2291	8	
16000	652031	8	
15999	1044	8	
15680	811	8	
15360	434982	8	
10240	540333	8,9	median
262043	940	8	
260364	686992	10,11	median
256758	1422	8	
236559	1656	12	
226862	651582	8,9	median
220335	463075	9	
220335	1430	9	
220335	463115	9	
220335	463187	9	
217516	781	8	
217516	782	8	
217210	1377	9	
217187	1443	12,14	median
215818	1496	12	
196173	1063	11	
195853	878	9	
195853	2205	8,11	median
195645	1016	12	
195634	1006	8	
195634	1020	8	
195634	1027	8	
195634	1012	11	
195624	1136	12	
195624	1135	11	
195489	1251	8-10	median
194560	463193	8	
194235	1362	8-11	median
194226	1214	13	
194226	1216	13	
194226	1229	13	
194226	1217	12	
194182	1019	11	
139950	898	9	
128716	1296	8	median
127982	1273	8	
125296	1918	8	median
118107	1246	8	
109291	1029	8	
108419	449768	9	
106289	1532	8,11-12	median
104742	449739	9	
97109	619	9	
97049	693	10	
95868	1024	8	
95868	777	11	
95867	1025	8	
95867	778	11	
95627	720574	10-11	median
94508	802	8	
94275	796	8	
94241	819	8	
92911	808	8	
92690	1499	12-13	median
92523	1497	12-13	median
91307	836	8	
88074	630	8	
86480	750	12	
86106	629	8	
86106	633	8	
86106	639	8	
77312	624255	10-11	median
65448	708	8	
65445	709	8	
65417	539	8	
65410	556	8	
65267	555	8	
65239	374	9	
65239	565	9	
65239	577	8	
65222	368	9	
64394	813	12	
63682	626	8	
63662	628	8	
63332	453	8	
62237	559	8	
62137	538	8,9	median
62108	488	8,9	median
62106	680	8,9	median
62105	581	8,9	median
62104	684	8,9	median
62029	501	8,9	median
59805	373	8,9	median
57821	460	8	
57709	641	8	
55727	449	8	
49840	1992	12-13	median
49567	1240	8	
46736	853	8	
33360	745	8	
33069	687	8	
33069	701	8	
30104	686954	8	
27679	624151	10-11	median
20540	614	11	
20540	615	11	
19828	488910	9-11	median
19644	552	8-14	median
10803	434970	8,9	median
10803	434971	8,9	median
10058	489028	9,10	median
